9.899999999999999911e-01
9.899999999999999911e-01
9.899999999999999911e-01
9.899999999999999911e-01
9.899999999999999911e-01
1.980000000000000093e-01
8.910000000000000142e-01
9.900000000000000081e-06
4.950000000000000233e-02
9.899999999999999911e-01
9.899999999999999911e-01
4.950000000000000233e-02
0.000000000000000000e+00
9.899999999999999911e-01
4.355999999999999872e-01
4.652999999999999914e-01
9.899999999999999911e-01
3.464999999999999747e-01
9.899999999999999946e-04
1.980000000000000093e-01
9.899999999999999911e-01
1.980000000000000093e-01
9.899999999999999911e-01
8.910000000000000142e-01
3.960000000000000187e-01
7.227000000000000091e-01
9.899999999999999911e-01
9.899999999999999911e-01
0.000000000000000000e+00
9.899999999999999911e-01
9.899999999999999911e-01
0.000000000000000000e+00
9.899999999999999911e-01
9.899999999999999911e-01
9.899999999999999911e-01
